1200 1500
0.00016265689149736105 8.476049274556638e-05
0.00042398041272414286 0.00042380246372783183
0.0012986310498772622 0.0012398609126906897
0.003222463226148431 0.003141816521723543
0.007052067745896644 0.006879586934103076
0.013441301241366244 0.013266619679099475
0.022253215294993373 0.022069231791068507
0.05878194474871075 0.05109129036233375
0.14195998660079923 0.12375291687613545
0.4765539839019366 0.533821583311577
0.1594367594510754 0.1356342712257493
0.06508161558153146 0.05920544412663853
0.023101424301063704 0.022857860263873108
0.014120048677237748 0.013882531682990971
0.0075672443623880144 0.007308774931410161
0.0034768514737829165 0.003357030381774583
0.0014100523710729091 0.0013247000646570692
0.00048618050280810495 0.0004883969922103761
0.00016959216508965715 0.00016952098549113275
