1200 1500
0.00015923988720688547 0.00015881122868779938
0.0005499459234512939 0.0005424739989830767
0.0015482531607639764 0.0013979932498106667
0.0037019332194234357 0.0034502455068759793
0.007724814483211554 0.007426461434101003
0.014184963021785629 0.013823522086551354
0.029127094270543375 0.026323066471577228
0.07316634342273648 0.06625093782211147
0.1455857084255394 0.13128957242883046
0.4188009033541088 0.4715899435884202
0.1574079185620418 0.14233047593882775
0.08733623575483036 0.07756869105252326
0.030737415697780955 0.02903160114880354
0.015060782401423497 0.014702617760844236
0.008328561427429429 0.007988519280676875
0.004011070275231842 0.003794299226027739
0.0017074930479708617 0.0016234910259421082
0.0006235581721814176 0.000548465521717413
0.00023776549233898024 0.00015881122868779938
